Delta[0]: -2.84217e-14
Delta[1]: 0
Delta[2]: -1.55431e-15
Delta[3]: -2.08167e-17
Delta[4]: -1.9984e-15
Delta[5]: -6.245e-17
Delta[6]: 0
S: 0.0305682
